3.53160675565
3.34735081641
0.652966449911
0.620108076706
4.40378105299
4.17155389345
3.01873254883
2.86171253031
2.16418769777
2.05322410911
3.40643288389
3.22217694465
32.6479481218
30.5643704092
31.3498663753
29.3049305599
32.0652096351
29.9357586807
30.6276333241
28.5862599125
30.6202830418
28.5753472265
30.6883260203
28.6469526087
30.1459904384
28.1406929417
30.0924361946
28.0907011018
30.8634774863
28.818541671
30.7490187165
28.7076453049
31.2867818283
29.2032041157
31.3403404647
29.2531959557
30.7418802641
28.6969444487
30.8097114127
28.7683380011
30.1519503919
28.150215299
30.3376976041
28.3196478345
30.8026788752
28.7577430598
31.4023175748
29.3151730658
31.4105242186
29.326946506
32.1941717818
30.0519371061
30.7490187165
28.7076453049
30.7418802641
28.6969444487
30.7490187165
28.7076453049
30.8026788752
28.7577430598
30.8026788752
28.7577430598
30.8097114127
28.7683380011
30.2652306627
28.2599331661
30.8097114127
28.7683380011
31.6030053919
29.5066596822
30.8026788752
28.7577430598
29.6645600918
27.7013246612
30.6883260203
28.6469526087
31.4642946849
29.3771501758
30.8634774863
28.818541671
30.2652306627
28.2599331661
30.8097114127
28.7683380011
