3.28240580855
3.26596808668
3.16687872104
3.13770755265
3.27636041066
3.26200634368
3.27077804719
3.25364577369
1.81748477712
1.80616615799
3.16664720383
3.15020948196
0.125423717823
0.127233717823
0.122260267188
0.124330267188
0.120331300098
0.122421300098
0.119877937439
0.121677937439
0.119366816553
0.121436816553
0.120119058325
0.121919058325
0.119849058325
0.121919058325
0.120119058325
0.121919058325
0.120331300098
0.122401300098
0.120360179211
0.122160179211
0.120119058325
0.121929058325
0.119849058325
0.121929058325
0.119849058325
0.121919058325
0.120601300098
0.122401300098
0.120360179211
0.122160179211
0.309587534921
0.313626224019
0.120090179211
0.122160179211
0.120090179211
0.122170179211
0.120601300098
0.122411300098
0.310207797529
0.314297934896
0.120360179211
0.122160179211
0.119849058325
0.121919058325
0.120360179211
0.122160179211
0.120090179211
0.122160179211
0.120090179211
0.122160179211
0.120601300098
0.122401300098
0.120331300098
0.122401300098
0.120601300098
0.122401300098
0.310622267062
0.31489247337
0.120090179211
0.122160179211
0.120331300098
0.122391300098
0.120119058325
0.121919058325
0.120331300098
0.122411300098
0.120331300098
0.122401300098
0.120331300098
0.122401300098
0.120601300098
0.122401300098
