0.305521469534
0.299211469534
0.348528963832
0.342218963832
0.288040205279
0.281730205279
0.295032710981
0.288722710981
0.308528963832
0.302218963832
0.328528963832
0.322218963832
0.0657462984686
0.0594362984686
0.0587537927664
0.0524437927664
0.0587537927664
0.0524437927664
0.0517612870642
0.0454512870642
0.00631
0.0
0.044768781362
0.038458781362
0.0412725285109
0.0349625285109
0.0412725285109
0.0349625285109
0.0412725285109
0.0349625285109
0.0342800228087
0.0279700228087
0.0377762756598
0.0314662756598
0.0342800228087
0.0279700228087
0.0342800228087
0.0279700228087
0.0307837699576
0.0244737699576
0.0307837699576
0.0244737699576
0.0307837699576
0.0244737699576
0.0307837699576
0.0244737699576
0.00631
0.0
0.0272875171065
0.0209775171065
0.0307837699576
0.0244737699576
0.0307837699576
0.0244737699576
0.00631
0.0
0.0307837699576
0.0244737699576
0.0307837699576
0.0244737699576
0.0272875171065
0.0209775171065
0.0272875171065
0.0209775171065
0.0272875171065
0.0209775171065
0.0307837699576
0.0244737699576
0.0272875171065
0.0209775171065
0.0307837699576
0.0244737699576
0.0272875171065
0.0209775171065
0.0272875171065
0.0209775171065
0.0272875171065
0.0209775171065
0.0272875171065
0.0209775171065
0.0272875171065
0.0209775171065
0.0272875171065
0.0209775171065
