40.7137547832
38.7262415867
38.1686828009
36.0880683988
41.2590368714
39.3155119447
38.0059041429
36.1549373568
38.9092303166
37.0120387667
36.6012994863
34.5672899935
0.160610458467
0.116160713707
0.141250339516
0.0968005947562
0.141250339516
0.0968005947562
0.121890220564
0.077440475805
0.0182323932911
0.0119683116141
0.121890220564
0.077440475805
0.121890220564
0.077440475805
0.227313291674
0.142912639996
0.141250339516
0.0968005947562
0.141250339516
0.0968005947562
0.121890220564
0.077440475805
0.121890220564
0.077440475805
0.121890220564
0.077440475805
0.121890220564
0.077440475805
0.121890220564
0.077440475805
0.121890220564
0.077440475805
0.141250339516
0.0968005947562
0.0182323932911
0.0119683116141
0.102530101613
0.0580803568537
0.121890220564
0.077440475805
0.121890220564
0.077440475805
0.0182323932911
0.0119683116141
0.121890220564
0.077440475805
0.121890220564
0.077440475805
0.121890220564
0.077440475805
0.121890220564
0.077440475805
0.227313291674
0.142912639996
0.121890220564
0.077440475805
0.227313291674
0.142912639996
0.227313291674
0.142912639996
0.121890220564
0.077440475805
0.121890220564
0.077440475805
0.121890220564
0.077440475805
0.102530101613
0.0580803568537
0.227313291674
0.142912639996
0.121890220564
0.077440475805
