13.804266129
13.464516129
15.3893944086
15.0576344086
13.0176092375
12.6778592375
13.0355592832
12.7037992832
13.3196354448
12.9954154448
14.1796354448
13.8554154448
0.0657462984686
0.0594362984686
0.0587537927664
0.0524437927664
0.0587537927664
0.0524437927664
0.0517612870642
0.0454512870642
0.00631
0.0
0.044768781362
0.038458781362
0.0412725285109
0.0349625285109
0.0412725285109
0.0349625285109
0.0412725285109
0.0349625285109
0.0342800228087
0.0279700228087
0.0377762756598
0.0314662756598
0.0342800228087
0.0279700228087
0.0342800228087
0.0279700228087
0.0307837699576
0.0244737699576
0.0307837699576
0.0244737699576
0.0307837699576
0.0244737699576
0.0307837699576
0.0244737699576
0.00631
0.0
0.0272875171065
0.0209775171065
0.0307837699576
0.0244737699576
0.0307837699576
0.0244737699576
0.00631
0.0
0.0307837699576
0.0244737699576
0.0307837699576
0.0244737699576
0.0272875171065
0.0209775171065
0.0272875171065
0.0209775171065
0.0272875171065
0.0209775171065
0.0307837699576
0.0244737699576
0.0272875171065
0.0209775171065
0.0307837699576
0.0244737699576
0.0272875171065
0.0209775171065
0.0272875171065
0.0209775171065
0.0272875171065
0.0209775171065
0.0272875171065
0.0209775171065
0.0272875171065
0.0209775171065
0.0272875171065
0.0209775171065
