31.4447115913
29.6548800503
31.0977190053
29.2607926596
29.814806929
28.1188317528
29.7640075455
28.0680323693
32.0091387435
30.1788258389
30.3357701161
28.545938575
0.125423717823
0.119113717823
0.053704123408
0.0510509891327
0.0528568040863
0.050203669811
0.119877937439
0.113567937439
0.0524331444255
0.0497800101501
0.120119058325
0.113809058325
0.0526449742559
0.0499918399806
0.120119058325
0.113809058325
0.0528568040863
0.050203669811
0.120360179211
0.114050179211
0.120119058325
0.113809058325
0.0526449742559
0.0499918399806
0.0526449742559
0.0499918399806
0.120601300098
0.114291300098
0.120360179211
0.114050179211
0.242103081172
0.22894673269
0.0527508891711
0.0500977548958
0.0527508891711
0.0500977548958
0.120601300098
0.114291300098
0.24258813781
0.229431789327
0.120360179211
0.114050179211
0.0526449742559
0.0499918399806
0.120360179211
0.114050179211
0.0527508891711
0.0500977548958
0.0527508891711
0.0500977548958
0.120601300098
0.114291300098
0.0528568040863
0.050203669811
0.120601300098
0.114291300098
0.189870966964
0.179713176153
0.0527508891711
0.0500977548958
0.0528568040863
0.050203669811
0.120119058325
0.113809058325
0.0528568040863
0.050203669811
0.0528568040863
0.050203669811
0.0528568040863
0.050203669811
0.120601300098
0.114291300098
