1.37842743526
1.31988719414
2.38688062533
2.27048726624
1.42883913106
1.37029888993
2.66071113891
2.54431777982
1.37842743526
1.31988719414
1.21116960349
1.15262936237
0.209775328502
0.151235087381
0.184569480605
0.126029239484
0.0128342993562
0.009114660572
0.159363632708
0.100823391587
0.0110113672418
0.0072917284576
0.0110113672418
0.0072917284576
0.159363632708
0.100823391587
0.159363632708
0.100823391587
0.184569480605
0.126029239484
0.184569480605
0.126029239484
0.159363632708
0.100823391587
0.159363632708
0.100823391587
0.310748413807
0.194355054717
0.159363632708
0.100823391587
0.159363632708
0.100823391587
0.310748413807
0.194355054717
0.184569480605
0.126029239484
0.159363632708
0.100823391587
0.134157784811
0.0756175436906
0.0110113672418
0.0072917284576
0.159363632708
0.100823391587
0.159363632708
0.100823391587
0.0110113672418
0.0072917284576
0.159363632708
0.100823391587
0.159363632708
0.100823391587
0.159363632708
0.100823391587
0.0110113672418
0.0072917284576
0.159363632708
0.100823391587
0.159363632708
0.100823391587
0.159363632708
0.100823391587
0.159363632708
0.100823391587
0.159363632708
0.100823391587
0.0110113672418
0.0072917284576
0.262159650128
0.145766291038
0.159363632708
0.100823391587
0.159363632708
0.100823391587
