11.9621373118
11.6692473118
13.6394295894
13.3465395894
10.9907478006
10.7057478006
10.9598703063
10.6827403063
11.7693206256
11.4843206256
12.5293206256
12.2443206256
0.0657462984686
0.0594362984686
0.0587537927664
0.0524437927664
0.0587537927664
0.0524437927664
0.0517612870642
0.0454512870642
0.00631
0.0
0.044768781362
0.038458781362
0.0412725285109
0.0349625285109
0.0412725285109
0.0349625285109
0.0412725285109
0.0349625285109
0.0342800228087
0.0279700228087
0.0377762756598
0.0314662756598
0.0342800228087
0.0279700228087
0.0342800228087
0.0279700228087
0.0307837699576
0.0244737699576
0.0307837699576
0.0244737699576
0.0307837699576
0.0244737699576
0.0307837699576
0.0244737699576
0.00631
0.0
0.0272875171065
0.0209775171065
0.0307837699576
0.0244737699576
0.0307837699576
0.0244737699576
0.00631
0.0
0.0307837699576
0.0244737699576
0.0307837699576
0.0244737699576
0.0272875171065
0.0209775171065
0.0272875171065
0.0209775171065
0.0272875171065
0.0209775171065
0.0307837699576
0.0244737699576
0.0272875171065
0.0209775171065
0.0307837699576
0.0244737699576
0.0272875171065
0.0209775171065
0.0272875171065
0.0209775171065
0.0272875171065
0.0209775171065
0.0272875171065
0.0209775171065
0.0272875171065
0.0209775171065
0.0272875171065
0.0209775171065
