0.273152619746
0.266842619746
0.266160114044
0.259850114044
0.266160114044
0.259850114044
0.273152619746
0.266842619746
0.273152619746
0.266842619746
0.273152619746
0.266842619746
0.273152619746
0.266842619746
0.280145125448
0.273835125448
0.280145125448
0.273835125448
0.276648872597
0.270338872597
0.269656366895
0.263346366895
0.269656366895
0.263346366895
0.273152619746
0.266842619746
0.269656366895
0.263346366895
0.269656366895
0.263346366895
0.276648872597
0.270338872597
0.280145125448
0.273835125448
0.262663861193
0.256353861193
0.269656366895
0.263346366895
0.280145125448
0.273835125448
0.280145125448
0.273835125448
0.276648872597
0.270338872597
0.280145125448
0.273835125448
0.276648872597
0.270338872597
0.273152619746
0.266842619746
0.276648872597
0.270338872597
0.269656366895
0.263346366895
0.280145125448
0.273835125448
