0.130664861518
0.129724861518
0.339225358723
0.337141703838
0.339225358723
0.337013083166
0.340465883939
0.337636229157
1.02132047941
1.01337172189
0.341086146547
0.338616629646
0.334263257858
0.331433603075
1.00635700442
0.994549626734
1.00449621659
0.994618148988
0.334288981992
0.331973809898
0.999068197924
0.991659647222
0.334288981992
0.331999534032
0.334263257858
0.331176361732
1.00092898575
0.992362848999
1.66498504253
1.64659228645
0.999068197924
0.991813992028
1.67131628929
1.65601042933
1.67131628929
1.65369525724
1.67131628929
1.64507767222
1.00286694598
0.996615981321
1.00092898575
0.99313457303
0.999068197924
0.991736819625
0.332402470033
0.329958677267
0.998991025521
0.989498819934
0.332402470033
0.329932953132
0.332428194168
0.32962426352
0.9972074101
0.989412997382
1.00278977357
0.995844257289
