75.3700230385
71.3856584463
75.6082089494
71.5285808186
73.0883093042
69.149127725
74.1320931772
70.0524650464
76.4465973001
72.3217318499
76.4465973001
72.3217318499
76.8134027286
72.8290381364
75.9423326023
72.0031510231
76.8134027286
72.8290381364
76.8134027286
72.8290381364
74.7698205988
70.7354297874
79.653654329
75.4332538077
79.653654329
75.4332538077
78.7988436308
74.6237347354
77.9390811133
73.8142156631
78.7988436308
74.6237347354
79.653654329
75.4332538077
79.4315649266
75.3066994764
81.1788742243
76.958473703
78.9668770908
74.7011849435
76.4465973001
72.3217318499
77.0843247216
73.0046965908
79.653654329
75.4332538077
78.7988436308
74.6237347354
75.7811399222
71.6060310268
80.5084650272
76.2427728799
77.2899917765
73.1148828811
78.7988436308
74.6237347354
