3.68962498916
3.47915473234
5.44323862635
5.13050063507
4.80083715484
4.52673491684
2.24367868651
2.11991564976
2.76520891328
2.61148407266
3.44920439957
3.25582608081
2.20246065735
2.0786976206
0.566525605255
0.536676942208
1.1964894653
1.13113320662
4.27032397801
4.02380290761
3.41965715766
3.22325859166
4.35667293987
4.10484896123
1.65732092048
1.56540594764
2.16508914938
2.04335691096
0.785807727569
0.743454151681
3.59150272899
3.3847078813
1.67702068529
1.5838901353
0.960580460711
0.908506355093
0.124194391101
0.118076990829
5.5885331754
5.26224348143
2.9672995153
2.79828683704
3.50557327843
3.30398323648
3.53199166719
3.3285006117
1.44670124741
1.36659176081
3.36075104964
3.16737273087
2.36124243564
2.22746009268
2.95618014646
2.78716746821
4.06478880605
3.83042986738
