27.1906093548
26.4174193548
26.4983512903
25.7251612903
26.7660114044
25.9850114044
28.0155872141
27.2179472141
28.0155872141
27.2179472141
27.7409245943
26.9511045943
27.7409245943
26.9511045943
27.6012222939
26.8358422939
27.8828674194
27.1096774194
42.0216197621
40.8211697621
27.1156366895
26.3346366895
27.9301357902
27.1246757902
28.0155872141
27.2179472141
27.9301357902
27.1246757902
27.9301357902
27.1246757902
28.3722050049
27.5745650049
29.0104779211
28.2050179211
27.2099077028
26.4044477028
27.9301357902
27.1246757902
29.574838172
28.752688172
29.2921330466
28.4788530466
27.8148872597
27.0338872597
28.4471676703
27.6573476703
28.6503638775
27.8449038775
28.0155872141
27.2179472141
28.6503638775
27.8449038775
27.6589694233
26.8613294233
28.4471676703
27.6573476703
