27.4652619746
26.6842619746
26.4983512903
25.7251612903
26.4983512903
25.7251612903
27.7409245943
26.9511045943
28.2902498338
27.4847898338
27.4652619746
26.6842619746
27.4652619746
26.6842619746
27.6012222939
26.8358422939
27.6012222939
26.8358422939
27.5367383871
26.7635483871
27.1156366895
26.3346366895
27.9301357902
27.1246757902
27.7409245943
26.9511045943
27.9301357902
27.1246757902
27.3878030564
26.5979830564
28.0940461323
27.3042261323
29.0104779211
28.2050179211
27.474081564
26.660801564
27.9301357902
27.1246757902
29.2921330466
28.4788530466
29.574838172
28.752688172
27.8148872597
27.0338872597
28.4471676703
27.6573476703
28.9285227501
28.1152427501
28.2902498338
27.4847898338
28.3722050049
27.5745650049
27.6589694233
26.8613294233
28.7288227957
27.9311827957
