65.9833398627
61.771794019
66.3847929235
62.1863610078
66.3847929235
62.1863610078
66.6275578215
62.4291259058
65.2066021567
61.1023261802
66.0125042722
61.8603933376
65.4137333316
61.2153014159
62.0784370319
58.1177178562
61.9636519216
58.0029327459
66.8622880267
62.5660689764
64.5049229684
60.3493989088
67.5840483287
63.2414527566
66.1354380929
61.8906851961
64.6250648922
60.4695408326
63.1149754948
59.0535559262
65.9429756775
61.6948096558
65.5200898228
61.3148316572
64.7983850615
60.639447877
66.2417945841
61.9902154374
66.9154703648
62.615834097
66.065796008
61.8176299863
65.223949323
61.0221042823
65.7672731359
61.5225202391
63.7809695118
59.6766935353
64.3318988335
60.1797878989
66.4901054596
62.1938864093
65.820155347
61.5719893253
64.7452068159
60.5896827564
