2.51946228969
2.4030689306
1.27994750629
1.22140726517
2.47087352601
2.35448016692
2.42228476233
2.30589140324
2.47087352601
2.35448016692
2.47087352601
2.35448016692
1.33035920208
1.27181896096
1.33035920208
1.27181896096
2.56805105337
2.45165769428
2.56805105337
2.45165769428
1.27994750629
1.22140726517
2.51946228969
2.4030689306
1.30515335419
1.24661311307
3.73503566373
3.55952474813
3.73503566373
3.55952474813
3.73503566373
3.55952474813
3.73503566373
3.55952474813
2.56805105337
2.45165769428
3.8070073432
3.63149642759
3.66306398427
3.48755306866
3.66306398427
3.48755306866
2.51946228969
2.4030689306
2.51946228969
2.4030689306
2.51946228969
2.4030689306
2.42228476233
2.30589140324
3.73503566373
3.55952474813
2.47087352601
2.35448016692
2.51946228969
2.4030689306
