26.0910488759
25.3500488759
25.4267608341
24.6857608341
25.4267608341
24.6857608341
26.6403341153
25.8837341153
27.4652619746
26.6842619746
26.3656914956
25.6168914956
26.3656914956
25.6168914956
26.1911366667
25.4666666667
26.4727617921
25.7405017921
26.4231928967
25.6821928967
25.758904855
25.017904855
26.5733239557
25.8079439557
26.6403341153
25.8837341153
26.3011975888
25.5445975888
26.3011975888
25.5445975888
26.9794706419
26.2228706419
27.8828674194
27.1096774194
26.1522222581
25.3790322581
26.5733239557
25.8079439557
27.8828674194
27.1096774194
28.1645125448
27.3835125448
26.9794706419
26.2228706419
27.3186071685
26.5620071685
27.8148872597
27.0338872597
27.1906093548
26.4174193548
27.2585895145
26.4932095145
26.5733239557
25.8079439557
27.3186071685
26.5620071685
