81.9450419858
76.6370468084
81.8440680451
76.5228488707
81.2239347445
75.9626493333
83.6732870516
78.361850102
81.3998618202
76.1852861754
79.6057931861
74.3912175413
80.7799137686
75.468476819
78.3981968822
73.22960055
79.0599177444
73.8419003273
78.7607089491
73.542691532
77.9012579554
72.736099303
77.9012579554
72.736099303
78.0495231497
72.8843644973
78.4615001538
73.2434827367
79.8144642186
74.5064690412
79.6166893512
74.3519621678
78.197788344
73.0326296916
79.7676329522
74.5029057688
78.8582645886
73.6436889437
79.2629507472
74.0016653361
80.9837596706
75.622687658
80.6719670167
75.3974576086
82.5170501218
77.1057669375
83.0738772693
77.6158287779
81.2770689623
76.0123417789
81.8972052775
76.4859220931
81.0358125213
75.671294644
83.103054306
77.6016863723
80.967438011
75.5561548266
79.0645689928
73.7964000371
80.967438011
75.5561548266
82.0842192882
76.6296166616
81.9999162816
76.592078962
