35.148849811
34.146819811
33.7638168263
32.8024568263
33.8837866667
32.9066666667
34.0830513131
33.0731313131
34.2608015868
33.2587715868
33.3372739785
32.3759139785
35.3126150733
34.3184750733
35.1843927273
34.2072727273
33.6105303226
32.6412903226
34.1570430108
33.1720430108
34.5940746171
33.6090746171
34.5940746171
33.6090746171
33.4858542294
32.5335842294
34.5940746171
33.6090746171
34.9006476246
33.9314076246
35.3126150733
34.3184750733
34.1903596742
33.2289996742
35.0311062235
34.0461062235
33.6105303226
32.6412903226
33.7200114044
32.7350114044
34.7048256989
33.7027956989
33.5505036364
32.5563636364
34.2608015868
33.2587715868
35.148849811
34.146819811
35.2526483871
34.2335483871
34.7048256989
33.7027956989
33.5505036364
32.5563636364
33.4502513131
32.4731313131
35.3126150733
34.3184750733
35.5928739231
34.5908439231
35.425612408
34.415692408
33.8167774747
32.8147474747
33.7200114044
32.7350114044
