1.2135130661
1.15497282498
2.29422053979
2.1778271807
1.13789552241
1.07935528129
2.24563177611
2.12923841702
1.13789552241
1.07935528129
3.40139829992
3.22588738431
3.54534165884
3.36983074323
1.18830721821
1.12976697709
1.2135130661
1.15497282498
1.2639247619
1.20538452078
0.0872493443721
0.083529705588
1.2135130661
1.15497282498
2.39139806715
2.27500470806
1.238718914
1.18017867288
3.6173133383
3.44180242269
1.2135130661
1.15497282498
2.43998683082
2.32359347173
2.43998683082
2.32359347173
2.29422053979
2.1778271807
1.2135130661
1.15497282498
1.2135130661
1.15497282498
0.0872493443721
0.083529705588
2.39139806715
2.27500470806
0.0872493443721
0.083529705588
1.18830721821
1.12976697709
2.34280930347
2.22641594438
2.34280930347
2.22641594438
1.31433645769
1.25579621657
2.34280930347
2.22641594438
2.43998683082
2.32359347173
2.34280930347
2.22641594438
2.43998683082
2.32359347173
1.238718914
1.18017867288
