35.7036650049
34.6845650049
34.5940746171
33.6090746171
34.1570430108
33.1720430108
34.3506151515
33.3315151515
34.8016317693
33.7825317693
34.1570430108
33.1720430108
35.5928739231
34.5908439231
36.0368980352
35.0348680352
34.978092043
33.968172043
34.1570430108
33.1720430108
34.8720872141
33.8779472141
35.425612408
34.415692408
34.0405694233
33.0713294233
35.425612408
34.415692408
36.3206531378
35.3107331378
35.5928739231
34.5908439231
35.0311062235
34.0461062235
35.5928739231
34.5908439231
35.2526483871
34.2335483871
33.9910314956
32.9968914956
34.978092043
33.968172043
34.3506151515
33.3315151515
34.5305716781
33.5206516781
35.7036650049
34.6845650049
35.5259247312
34.4989247312
35.5259247312
34.4989247312
34.0830513131
33.0731313131
34.2608015868
33.2587715868
36.7152193223
35.6803193223
36.7152193223
35.6803193223
35.9804376018
34.9534376018
34.3506151515
33.3315151515
34.2608015868
33.2587715868
