0.333986511769
0.331619891406
0.129351674813
0.128481674813
0.333986511769
0.331594167272
1.02242820138
1.01532834029
0.337708087418
0.334878432636
0.330264936121
0.327615350279
0.987073232713
0.980282061236
1.63879080777
1.62631460259
0.983351657064
0.975865933959
0.979630081416
0.971681323891
0.977692121188
0.970900949711
0.977692121188
0.970592260098
0.979552909012
0.970446565441
0.975908505767
0.968731472274
0.325302835256
0.32303911143
0.98149086924
0.974931214972
0.981413696837
0.973464939312
0.983351657064
0.976792002797
0.32716362308
0.324977071657
0.325923097864
0.323659374038
0.327189347214
0.324925623389
0.128628312154
0.127388312154
0.990871980765
0.983077568047
0.989011192941
0.982760228285
1.00195953531
0.987528295919
0.983428829467
0.975634416749
0.981568041643
0.972693215281
0.327189347214
0.324745554448
0.972264102521
0.964855551819
1.62341286324
1.6102935547
0.972264102521
0.965241413835
0.325948821998
0.323350684425
0.328429872431
0.32596035553
