34.5940746171
33.6090746171
33.7638168263
32.8024568263
33.8837866667
32.9066666667
33.8167774747
32.8147474747
34.2608015868
33.2587715868
33.6105303226
32.6412903226
35.0311062235
34.0461062235
34.9006476246
33.9314076246
34.1570430108
33.1720430108
34.978092043
33.968172043
34.3173220202
33.3402020202
34.8720872141
33.8779472141
33.7638168263
32.8024568263
34.8720872141
33.8779472141
35.4681378299
34.4831378299
35.3126150733
34.3184750733
34.4706085239
33.5013685239
35.0311062235
34.0461062235
34.7048256989
33.7027956989
34.2608015868
33.2587715868
34.4315593548
33.4374193548
33.282979798
32.297979798
33.9910314956
32.9968914956
35.425612408
34.415692408
35.5259247312
34.4989247312
35.2526483871
34.2335483871
33.5505036364
32.5563636364
33.4502513131
32.4731313131
36.4349504725
35.4079504725
35.5928739231
34.5908439231
35.9804376018
34.9534376018
33.8167774747
32.8147474747
34.5305716781
33.5206516781
