8.56538050505
8.33505050505
7.18230752036
6.99068752036
8.18389032258
7.96129032258
7.17589363636
6.97636363636
6.46152218964
6.28512218964
7.36469129032
7.16516129032
6.71325239492
6.53685239492
7.36411266862
7.17249266862
5.18028053763
5.04215053763
6.54543225806
6.36903225806
6.35265972955
6.18406972955
5.52325193874
5.37745193874
7.18230752036
6.99068752036
6.35265972955
6.18406972955
6.23007225806
6.06903225806
5.03313929619
4.90263929619
7.55348894428
7.35395894428
6.43307354513
6.26448354513
5.45332688172
5.30752688172
5.92240200717
5.76136200717
5.45332688172
5.30752688172
8.50636282828
8.26828282828
7.53984255458
7.33264255458
8.01219531118
7.79730531118
6.81840860215
6.63440860215
7.63773763441
7.43053763441
8.50636282828
8.26828282828
8.88789301075
8.64204301075
6.99322124471
6.80922124471
8.39366549365
8.17106549365
6.90581492343
6.72181492343
7.97411515152
7.75151515152
7.00050237211
6.80888237211
