93.2466031911
87.8882933399
88.9842447802
83.7693140319
85.2463472655
80.0314165172
88.6411877688
83.3349134775
85.2463472655
80.0314165172
89.7635586942
84.5029561744
92.7221422949
87.5072115465
89.7635586942
84.5029561744
90.0513650201
84.8882526056
94.5910910522
89.3761603039
91.6488754926
86.3882729728
90.0513650201
84.8882526056
93.534192291
88.2735897712
91.0919500468
85.9744550973
92.928162722
87.8106677725
90.0513650201
84.8882526056
96.2479271265
90.9416528352
92.0997989914
87.0279215069
90.5428726082
85.2365983169
90.8531935375
85.6382627892
90.8531935375
85.6382627892
94.0423394527
88.6383035235
94.3462422871
89.0399679958
94.0423394527
88.6383035235
90.5428726082
85.2365983169
92.4445574477
87.1382831564
93.2466031911
87.8882933399
100.918814713
95.5605048619
94.8380757142
89.3883137071
97.9111812958
92.5071453666
93.2466031911
87.8882933399
97.0827089521
91.7243991009
94.3462422871
89.0399679958
