4.80992946455
4.53046877758
5.62379350402
5.29375886614
4.72364331857
4.44954108057
4.96273416866
4.68020821722
2.77485749111
2.61904163429
3.33714356773
3.14376524896
5.41227984657
5.09144155923
3.9504009639
3.71826832699
3.98324225452
3.74888331585
3.35076354424
3.15436497824
5.10893375561
4.80355753874
4.49260098264
4.22540824713
2.03346197024
1.91671015294
4.56765108717
4.29547301442
5.29924517923
4.98148852626
5.91599487726
5.56196685947
3.27284222406
3.08162180424
5.92728635205
5.57325833426
5.78009537457
5.43419992493
5.22556297987
4.91282498859
5.41437744825
5.09117348112
1.75530520907
1.65650856017
3.72967117421
3.51271950798
6.92541603077
6.51156410871
0.261910459138
0.248524698148
3.70143280549
3.48448113927
2.37419086563
2.23724901948
4.42975963679
4.16764074779
4.27161434662
4.01673738095
3.46645844056
3.2618440589
4.88464219937
4.59135117569
3.7125890974
3.49373127282
4.27742365527
4.02559967663
